Num hilos:	1
Iteraciones:	11
Tamaño matriz:	10
Lectura:	0.000110 seg
Jacobi:		0.000030 seg
Total:		0.000140 seg

./JACOBI 2 < caso10.in
Num hilos:	2
Iteraciones:	11
Tamaño matriz:	10
Lectura:	0.000045 seg
Jacobi:		0.001846 seg
Total:		0.001891 seg

./JACOBI 4 < caso10.in
Num hilos:	4
Iteraciones:	11
Tamaño matriz:	10
Lectura:	0.000036 seg
Jacobi:		0.001280 seg
Total:		0.001316 seg

